cam0:
  camera_model: pinhole
  intrinsics: [733.801, 733.184, 782.299, 657.366]
  distortion_model: fisheye
  distortion_coeffs: [-0.00556869, -0.0116193, 0.0103523, -0.00652513]
  resolution: [1600, 1296]
  rostopic: /odin1/image
cam1:
  T_cn_cnm1:
  - [ 0.85396375630, -0.01209297009, -0.52019194823, -0.17341942848] 
  - [ 0.01298926919,  0.99991378960, -0.00192152616,  0.00058794336] 
  - [ 0.52017033923, -0.00511599955,  0.85404721458, -0.01848454973] 
  - [ 0.00000000000,  0.00000000000,  0.00000000000,  1.00000000000] 
  camera_model: pinhole
  intrinsics: [1159.51, 1160.61, 956.241, 550.266]
  distortion_model: plumb_bob
  distortion_coeffs: [-0.252714, 0.101203, -0.000140538, -0.00130248, -0.0241379]
  resolution: [1920, 1080]
  rostopic: /color/image
