cam0:
  camera_model: pinhole
  intrinsics: [1416.04, 1428.41, 596.365, 732.766]
  distortion_model: radtan
  distortion_coeffs: [-0.216911, 0.14486, 0.0110232, -0.0168644, -0.0509677]
  resolution: [1920, 1080]
  rostopic: /color/image
cam1:
  T_cn_cnm1:
  - [ 0.90318501430,  0.02081023082,  0.42874673670,  0.35671893683] 
  - [-0.00893399374,  0.99951911161, -0.02969392667, -0.01001938375] 
  - [-0.42915849484,  0.02298868892,  0.90293660159, -0.15638928194] 
  - [ 0.00000000000,  0.00000000000,  0.00000000000,  1.00000000000] 

  camera_model: pinhole
  intrinsics: [736.3164672851562, 736.7714233398438, 789.8103637695312, 662.4863891601562]
  distortion_model: equidistant
  distortion_coeffs: [-0.006629024166613817, -0.008844451978802681, -0.03880022093653679, 0.026054522022604942]
  resolution: [1600, 1296]
  rostopic: /odin1/image



